50.474238 0.94 9.694 8.60 0 1.600 5.520
50.987749 2.46 8.694 8.70 0 1.400 5.520
51.503350 6.08 7.744 8.90 0 1.165 5.520
52.021410 14.14 6.844 9.20 0 0.883 5.520
52.542394 31.02 6.004 9.40 0 0.579 5.520
53.066907 64.10 5.224 9.70 0 0.252 5.520
53.595749 124.70 4.484 10.00 0 -0.066 5.520
54.130000 228.00 3.814 10.20 0 -0.314 5.520
54.671159 391.80 3.194 10.50 0 -0.706 5.520
55.221367 631.60 2.624 10.79 0 -1.151 5.514
55.783802 953.50 2.119 11.10 0 -0.920 5.025
56.264775 548.90 0.015 16.46 0 2.881 -0.069
56.363389 1344.00 1.660 11.44 0 -0.596 4.750
56.968206 1763.00 1.260 11.81 0 -0.556 4.104
57.612484 2141.00 0.915 12.21 0 -2.414 3.536
58.323877 2386.00 0.626 12.66 0 -2.635 2.686
58.446590 1457.00 0.084 14.49 0 6.848 -0.647
59.164207 2404.00 0.391 13.19 0 -6.032 1.858
59.590983 2112.00 0.212 13.60 0 8.266 -1.413
60.306061 2124.00 0.212 13.82 0 -7.170 0.916
60.434776 2461.00 0.391 12.97 0 5.664 -2.323
61.150560 2504.00 0.626 12.48 0 1.731 -3.039
61.800154 2298.00 0.915 12.07 0 1.738 -3.797
62.411215 1933.00 1.260 11.71 0 -0.048 -4.277
62.486260 1517.00 0.083 14.68 0 -4.290 0.238
62.997977 1503.00 1.665 11.39 0 0.134 -4.860
63.568518 1087.00 2.115 11.08 0 0.541 -5.079
64.127767 733.50 2.620 10.78 0 0.814 -5.525
64.678903 463.50 3.195 10.50 0 0.415 -5.520
65.224071 274.80 3.815 10.20 0 0.069 -5.520
65.764772 153.00 4.485 10.00 0 -0.143 -5.520
66.302091 80.09 5.225 9.70 0 -0.428 -5.520
66.836830 39.46 6.005 9.40 0 -0.726 -5.520
67.369598 18.32 6.845 9.20 0 -1.002 -5.520
67.900867 8.01 7.745 8.90 0 -1.255 -5.520
68.431005 3.30 8.695 8.70 0 -1.500 -5.520
68.960311 1.28 9.695 8.60 0 -1.700 -5.520
118.750343 945.00 0.009 16.30 0 -0.247 0.003
368.498350 67.90 0.049 19.20 0.6 0 0
424.763124 638.00 0.044 19.16 0.6 0 0
487.249370 235.00 0.049 19.20 0.6 0 0
715.393150 99.60 0.145 18.10 0.6 0 0
773.839675 671.00 0.130 18.10 0.6 0 0
834.145330 180.00 0.147 18.10 0.6 0 0
